00000001 698d51a19d8a121ce581499d7b701668 0 3
00000002 47bce5c74f589f4867dbd57e9ca9f808 0 0
00000003 47bce5c74f589f4867dbd57e9ca9f808 0 0
00000004 47bce5c74f589f4867dbd57e9ca9f808 0 0
00000005 47bce5c74f589f4867dbd57e9ca9f808 0 0
00000006 47bce5c74f589f4867dbd57e9ca9f808 0 0
00000007 47bce5c74f589f4867dbd57e9ca9f808 0 0
00000008 47bce5c74f589f4867dbd57e9ca9f808 0 0
00000009 47bce5c74f589f4867dbd57e9ca9f808 1 0
00000010 47bce5c74f589f4867dbd57e9ca9f808 1 0
28186824 c6f057b86584942e415435ffb1fa93d4 0 0
72656865 c6f057b86584942e415435ffb1fa93d4 0 0
